:GridWeights                     
   #                                
   # [# HRUs]                       
   :NumberHRUs       1            
   :NumberGridCells  22477            
   #                                
   # [HRU ID] [Cell #] [w_kl]       
   0   12795   0.0024511281962573206
   0   12796   0.002044300772126042
   0   12962   0.00031872092296584295
   0   12963   0.0016230104322897231
   0   12964   0.015082511351659679
   0   12965   0.012237344485644803
   0   12966   0.0005428368533108043
   0   13131   0.01014869239770078
   0   13132   0.01934666759023471
   0   13133   0.023837664935185587
   0   13134   0.023837451893238316
   0   13135   0.01967509959046129
   0   13136   0.0001610551401677464
   0   13300   0.0017598566137019425
   0   13301   0.015407582647606584
   0   13302   0.023219975008263324
   0   13303   0.023844581711926043
   0   13304   0.02383864458469184
   0   13305   0.019553299787999405
   0   13306   0.010736190970529098
   0   13307   0.010877574649501029
   0   13308   0.0015247300411189576
   0   13471   0.010102768787319166
   0   13472   0.02384392091508891
   0   13473   0.023842021127561893
   0   13474   0.023853169634452956
   0   13475   0.023851955695283533
   0   13476   0.023845358697618498
   0   13477   0.01237544080846255
   0   13478   0.007435491892195314
   0   13479   0.009911042983611193
   0   13480   0.006472391266486532
   0   13481   1.2995363315801286e-05
   0   13640   0.0014882679412630054
   0   13641   0.01776119162257544
   0   13642   0.02386682793090783
   0   13643   0.023863137887505236
   0   13644   0.02385993859278833
   0   13645   0.02385362002517428
   0   13646   0.023863529435690898
   0   13647   0.023855595898265688
   0   13648   0.023855003355693016
   0   13649   0.02175733237510831
   0   13650   0.009120038480291371
   0   13651   0.008525614594842103
   0   13652   0.0018618001989815626
   0   13809   0.00600520712626682
   0   13810   0.023638478037104713
   0   13811   0.023229852291276776
   0   13812   0.023861783443382634
   0   13813   0.018473823028004956
   0   13814   0.020819262775530336
   0   13815   0.023870846516533834
   0   13816   0.023862302437831138
   0   13817   0.02386768677486119
   0   13818   0.02387241827406972
   0   13819   0.021429123672196376
   0   13820   0.013604813347647605
   0   13821   0.006124236972925255
   0   13978   0.0012661468392850465
   0   13979   0.006381726551948367
   0   13980   0.005610315283106407
   0   13981   0.013579423063438425
   0   13982   0.004743587987395489
   0   13983   0.0028987279421362104
   0   13984   0.01182873852408836
   0   13985   0.014583548990308906
   0   13986   0.020236011156516676
   0   13987   0.009389646323485332
   0   13988   0.0016601202447998483
   0   14155   1.4796308795308665e-05
:EndGridWeights 
