:GridWeights                     
   #                                
   # [# HRUs]                       
   :NumberHRUs       25            
   :NumberGridCells  22477            
   #                                
   # [HRU ID] [Cell #] [w_kl]       
   3044506   13304   0.005287216596374177
   3044506   13305   0.23736488609230702
   3044506   13306   0.15020801621064775
   3044506   13307   0.013191007483067042
   3044506   13474   0.13409605830044474
   3044506   13475   0.2982217772488833
   3044506   13476   0.09642731589230913
   3044506   13644   0.05166313995790157
   3044506   13645   0.013540582218065316
   3044563   13307   0.0497181458229116
   3044563   13308   0.12416198794797108
   3044563   13476   0.35112600649936865
   3044563   13477   0.47499385972974867
   3044950   13307   0.6705650698306985
   3044950   13476   0.3294349301693014
   3044966   13472   0.002372500993562595
   3044966   13473   0.7566136169806448
   3044966   13474   0.0011528288656427084
   3044966   13642   0.2398610531601499
   3044974   13642   1.0
   3047014   12795   0.05088206863682553
   3047014   12796   0.042436887781088055
   3047014   12963   0.0014484595837698472
   3047014   12964   0.28495348542227855
   3047014   12965   0.25403053296103084
   3047014   12966   0.009329798870594357
   3047014   13133   0.026208868094883087
   3047014   13134   0.2489286671155814
   3047014   13135   0.08178123153394819
   3047020   12966   0.0032795782764301114
   3047020   13134   0.055710639711317116
   3047020   13135   0.5525535615580766
   3047020   13136   0.005655475608782778
   3047020   13303   0.02264123932019523
   3047020   13304   0.32924315469120846
   3047020   13305   0.03091635083398963
   3047073   12963   0.026271344355595347
   3047073   12964   0.022997237244442567
   3047073   13132   0.07594723001681387
   3047073   13133   0.3193906991532341
   3047073   13134   0.17405600591042142
   3047073   13302   0.09077233029953964
   3047073   13303   0.24856643806766154
   3047073   13304   0.025272684405717318
   3047073   13472   0.003539430680958221
   3047073   13473   0.013186599865615925
   3047089   13303   0.5932426841103488
   3047089   13472   0.40675731588965136
   3047100   13303   0.00022197383302822657
   3047100   13472   0.45131674136080346
   3047100   13473   0.5484612848061683
   3047137   13304   0.23863388405500055
   3047137   13305   0.08774662082146295
   3047137   13473   0.28434751867498126
   3047137   13474   0.38927197644855527
   3047150   13303   0.03879515828709184
   3047150   13304   0.851828237461988
   3047150   13473   0.10937660425092015
   3048621   13814   0.006950548085034425
   3048621   13815   0.05676154352102058
   3048621   13816   0.09436170206899977
   3048621   13817   0.11706372126490786
   3048621   13818   0.14129366930787887
   3048621   13819   0.12954738942660787
   3048621   13820   0.01684623580884719
   3048621   13983   0.020265604517312512
   3048621   13984   0.08544914164187895
   3048621   13985   0.10534950457958722
   3048621   13986   0.14618209541605381
   3048621   13987   0.06782948300266714
   3048621   13988   0.011992474907748948
   3048621   14155   0.000106886451454869
   3048805   13480   0.008401810450770014
   3048805   13481   0.00017082454859820297
   3048805   13648   0.055492163457632956
   3048805   13649   0.2613184987399312
   3048805   13650   0.11988325518377042
   3048805   13651   0.11206953043900748
   3048805   13652   0.02447343493539408
   3048805   13816   0.028396208238790643
   3048805   13817   0.09727385253562006
   3048805   13818   0.05669603213474499
   3048805   13819   0.04595318155966326
   3048805   13820   0.11363440853256232
   3048805   13821   0.07623679924351434
   3048815   13820   0.8900756372846981
   3048815   13821   0.10992436271530188
   3049389   13478   0.08601392608366437
   3049389   13479   0.1429586999332216
   3049389   13480   0.08413956610530944
   3049389   13646   0.002087952425709708
   3049389   13647   0.2706446056830459
   3049389   13648   0.28319682808894503
   3049389   13649   0.027084322151048695
   3049389   13816   0.10008784404526347
   3049389   13817   0.003786255483791949
   3049465   13645   0.3623967148971173
   3049465   13646   0.02398868799046531
   3049465   13814   0.5948803017101463
   3049465   13815   0.014358846299732187
   3049465   13983   0.0043754491025389305
   3050528   13477   0.0802434482081698
   3050528   13478   0.02559645278124422
   3050528   13645   0.019217988413998723
   3050528   13646   0.3905000507043564
   3050528   13647   0.08853113551060796
   3050528   13814   0.09327630577130114
   3050528   13815   0.2730679978209367
   3050528   13816   0.02956662078938512
   3051397   13473   0.0025993425831697947
   3051397   13474   0.21400685400301012
   3051397   13475   0.08128107638686438
   3051397   13642   0.005057906267123738
   3051397   13643   0.46808220393329847
   3051397   13644   0.22733737962636735
   3051397   13812   0.0016352372001662138
   3051410   13644   0.029234674169377518
   3051410   13811   0.037455425585587176
   3051410   13812   0.22368903891501535
   3051410   13813   0.20229099300025352
   3051410   13980   0.11892540444035493
   3051410   13981   0.28785162658308105
   3051410   13982   0.10055283730633044
   3052275   13644   0.4317527771809441
   3052275   13645   0.08630448131221222
   3052275   13813   0.39112893258902676
   3052275   13814   0.09081380891781696
   3053185   13642   0.1267465392194418
   3053185   13643   0.4412279790412299
   3053185   13811   0.1343054454126962
   3053185   13812   0.29772003632663213
   3053374   13476   0.3305809918811736
   3053374   13477   0.07902304757198386
   3053374   13644   0.05380769346325768
   3053374   13645   0.506024215013012
   3053374   13646   0.030564052070572945
   3054459   13643   0.12882851101897558
   3054459   13644   0.009551445822384434
   3054459   13812   0.7527180075151095
   3054459   13813   0.10890203564353039
   3057127   12962   0.0029516984814376497
   3057127   12963   4.375874365697544e-05
   3057127   13131   0.09398780494270077
   3057127   13132   0.1377132811940321
   3057127   13133   0.03472253961518218
   3057127   13300   0.016298164694913124
   3057127   13301   0.14269078377524444
   3057127   13302   0.16549162710034435
   3057127   13303   0.01999223692099313
   3057127   13471   0.09356250292686774
   3057127   13472   0.14276024738377788
   3057127   13473   0.002178811190100578
   3057127   13640   0.004488328257010632
   3057127   13641   0.09351331714498459
   3057127   13642   0.049604897628753836
:EndGridWeights 
